x:1.000000,1.090000,1.180000,1.270000,1.360000,1.450000,1.540000,1.630000,1.720000,1.810000,1.900000,1.990000,2.080000,2.170000,2.260000,2.350000,2.440000,2.530000,2.620000,2.710000,2.800000,2.890000,2.980000,3.070000,3.160000,3.250000,3.340000,3.430000,3.520000,3.610000,3.700000,3.790000,3.880000,3.970000,4.060000,4.150000,4.240000,4.330000,4.420000,4.510000,4.600000,4.690000,4.780000,4.870000,4.960000,5.050000,5.140000,5.230000,5.320000,5.410000,5.500000,5.590000,5.680000,5.770000,5.860000,5.950000,6.040000,6.130000,6.220000,6.310000,6.400000,6.490000,6.580000,6.670000,6.760000,6.850000,6.940000,7.030000,7.120000,7.210000,7.300000,7.390000,7.480000,7.570000,7.660000,7.750000,7.840000,7.930000,8.020000,8.110001,8.200001,8.290000,8.380000,8.470000,8.560000,8.650001,8.740001,8.830000,8.920000,9.010000,9.100000,9.190001,9.280001,9.370000,9.460000,9.550000,9.640000,9.730000,9.820001,9.910001,
y:0.000000,0.057753,0.074136,0.046179,-0.023216,-0.125862,-0.249323,-0.378297,-0.496241,-0.587081,-0.636864,-0.635205,-0.576413,-0.460186,-0.291820,-0.081913,0.154410,0.398706,0.630733,0.830168,0.978378,1.060094,1.064841,0.988006,0.831447,0.603572,0.318892,-0.002945,-0.338567,-0.662629,-0.949761,-1.176588,-1.323626,-1.376931,-1.329349,-1.181255,-0.940741,-0.623187,-0.250262,0.151573,0.552980,0.923912,1.235896,1.464218,1.589889,1.601204,1.494774,1.275958,0.958622,0.564274,0.120589,-0.340563,-0.785409,-1.180774,-1.496576,-1.708109,-1.797985,-1.757540,-1.587618,-1.298661,-0.910069,-0.448903,0.052017,0.556453,1.027404,1.429808,1.733176,1.913909,1.957120,1.857849,1.621557,1.263846,0.809432,0.290439,-0.255899,-0.789897,-1.272323,-1.667298,-1.944954,-2.083704,-2.071915,-1.908866,-1.604905,-1.180814,-0.666379,-0.098294,0.482463,1.033591,1.514569,1.889622,2.130395,2.218101,2.144976,1.914946,1.543434,1.056339,0.488220,-0.120156,-0.724749,-1.281439,
_x:8.164185,8.164185,8.164185,8.164185,8.164185,8.164185,8.164185,8.164185,8.164185,8.164185,8.164185,8.164185,8.164185,8.164185,8.164185,8.164185,8.164185,8.164185,8.164185,8.164185,8.164185,8.164185,8.164185,8.164185,8.164185,8.164185,8.164185,8.164185,8.164185,8.164185,8.164185,8.164185,8.164185,8.164185,8.164185,8.164185,8.164185,8.164185,8.164185,8.164185,8.164185,8.164185,8.164185,8.164185,8.164185,8.164185,8.164185,8.164185,8.164185,8.164185,8.164185,8.164185,8.164185,8.164185,8.164185,8.164185,8.164185,8.164185,8.164185,8.164185,8.164185,8.164185,8.164185,8.164185,8.164185,8.164185,8.164185,8.164185,8.164185,8.164185,8.164185,8.164185,8.164185,8.164185,8.164185,8.164185,8.164185,8.164185,8.164185,8.164185,8.164185,8.164185,8.164185,8.164185,8.164185,8.164185,8.164185,8.164185,8.164185,8.164185,8.164185,8.164185,8.164185,8.164185,8.164185,8.164185,8.164185,8.164185,8.164185,8.164185,
_y:-2.094936,-2.094936,-2.094936,-2.094936,-2.094936,-2.094936,-2.094936,-2.094936,-2.094936,-2.094936,-2.094936,-2.094936,-2.094936,-2.094936,-2.094936,-2.094936,-2.094936,-2.094936,-2.094936,-2.094936,-2.094936,-2.094936,-2.094936,-2.094936,-2.094936,-2.094936,-2.094936,-2.094936,-2.094936,-2.094936,-2.094936,-2.094936,-2.094936,-2.094936,-2.094936,-2.094936,-2.094936,-2.094936,-2.094936,-2.094936,-2.094936,-2.094936,-2.094936,-2.094936,-2.094936,-2.094936,-2.094936,-2.094936,-2.094936,-2.094936,-2.094936,-2.094936,-2.094936,-2.094936,-2.094936,-2.094936,-2.094936,-2.094936,-2.094936,-2.094936,-2.094936,-2.094936,-2.094936,-2.094936,-2.094936,-2.094936,-2.094936,-2.094936,-2.094936,-2.094936,-2.094936,-2.094936,-2.094936,-2.094936,-2.094936,-2.094936,-2.094936,-2.094936,-2.094936,-2.094936,-2.094936,-2.094936,-2.094936,-2.094936,-2.094936,-2.094936,-2.094936,-2.094936,-2.094936,-2.094936,-2.094936,-2.094936,-2.094936,-2.094936,-2.094936,-2.094936,-2.094936,-2.094936,-2.094936,-2.094936,